700035373
700035533
700035747
700035785
700035861
700037008
700037042c
700037090
700037123c
700037284
700037303
700037357
700037405
700037453c
700037501c
700037539c
700037632
700037649
700037738
700037757
700037852
700037868c
700037916
700037967
700038053
700038072c
700038158
700038167
700038263
700038284
700038386
700038414
700038472
700038493
700038546
700038594c
700038702
700038761
700038806c
700038870c
700038918
700038956
700095058
700095213
700095287
700095353
700095410
700095486
700095524
700095647
