700122860
700123135
700123562
700123700
700123827
700123959
700124429
700124561
700161219
700161342
700161429
700161532
700161533
700161581
700161629
700161742
700161743
700161856
700161872
700161945
700161967
700163030
700163181
700163238
700163296
700163419
700163458
700163521
700163628
700163699
700163772
700163811
700163868c
700163981
700163982
700164050
700164159c
700164192
700164249
700164339
700164354
700164417
700164450
700164611
700164641
700164686
700164735
700164792
700164870
700164891
