700013588
700013597
700013600
700013603
700013672
700013693
700013715
700014386
700014486
700014498
700014562c
700014724
700014837
700014954
700015113c
700015181c
700015250c
700015415
700015702
700015857
700015922c
700015981
700016000
700016142c
700016210
700016456
700016542c
700016610c
700016716c
700016765
700016902
700016960
700021123
700021261
700021295
700021306c
700021361
700021824
700021876
700021902c
700023066
700023113
700023188
700023267
700023337
700023390
700023509
700023578
700023603
700023634c
700023720c
700023788
700023845
700023872c
700023919c
700024024c
700024086c
700024141
700024233
700024234
700024318
700024349
700024437
700024449c
700024509
700024545c
700024615
700024673
700024711
700024752
700024789
700024866
700024930
700024998
700032068
700032133c
700032222c
700032413
700032944
700033153c
700033201
700033363
700033435
700033436
700033502c
700033665
700033726
700033797
700033922c
700033989
700034081
700034166
700034254
700034565
700034622
700034794
700034838
700034926
700035157
700035237
700035373
700035533
700035747
700035785
700035861
700037008
700037042c
700037090
700037123c
700037284
700037303
700037357
700037405
700037453c
700037501c
700037539c
700037632
700037649
700037738
700037757
700037852
700037868c
700037916
700037967
700038053
700038072c
700038158
700038167
700038263
700038284
700038386
700038414
700038472
700038493
700038546
700038594c
700038702
700038761
700038806c
700038870c
700038918
700038956
700095058
700095213
700095287
700095353
700095410
700095486
700095524
700095647
700095717
700095831
700096047
700096380
700096700
700096865
700097196
700097234
700097291
700097482
700097631
700097688
700097837c
700097906c
700097973
700098267
700098359
700098429
700098561
700098669
700098867
700098932
700099002
700099059
700099512
700099590
700099746
700099803
700099886
700100022
700100227c
700100312
700100432
700100471
700100540c
700100600
700101134
700101243c
700101366
700101534
700101581
700101638
700101840
700101916
700102043
700102242c
700102299
700102356
700102432
700102586c
700102659
700102848
700102905
700103477c
700103479
700103558
700103652c
700103710
700105000
700105049
700105153
700105237c
700105306
700105312
700105372
700105517
700105580c
700105613
700105685
700105771
700105787
700105882
700105940
700105991
700106056
700106065
700106170
700106198
700106229c
700106325c
700106333
700106412
700106465
700106504
700106646c
700106694c
700106754
700106836c
700106876c
700106946
700107059
700107189
700107398c
700107489
700107566c
700107873
700107930
700108095c
700108161c
700108218
