700116076
700116148
700116201
700116248
700116296
700116358c
700116401
700116468
700116505
700116568c
700116611c
700116668
700116730
700116778c
700116828
700116865
700116917
700117000
700117031
700117069
700117172
700117184
700117239
700117303
700117395
700117537
700117625
700117682
700117755
700117766
700117828c
700117938
700117992
700119042c
700119165
700119307
700119496c
700119562
700119739
700119987
700120572
700120753
700121639
700121919
700122000
700122042
700122108c
700122165c
700122408
700122765
