700108341
700108530
700108840c
700108896
700109231c
700109383
700109449
700109506
700109564c
700109621
700109921
700109987
700110089
700110155
700110222
700110354
700110419
700110812
700111026
700111156
700111223c
700111296c
700111439
700111505
700111745
700111986
700112046
700112376
700112433
700112490
700112755
700112812c
700113114
700113177
700113616
700113705
700113762
700113810
700113867
700113954
700113975
700114000
700114082
700114125
700114162
700114218
700114480
700114653
700114911
700116028
