700023720c
700023788
700023845
700023872c
700023919c
700024024c
700024086c
700024141
700024233
700024234
700024318
700024349
700024437
700024449c
700024509
700024545c
700024615
700024673
700024711
700024752
700024789
700024866
700024930
700024998
700032068
700032133c
700032222c
700032413
700032944
700033153c
700033201
700033363
700033435
700033436
700033502c
700033665
700033726
700033797
700033922c
700033989
700034081
700034166
700034254
700034565
700034622
700034794
700034838
700034926
700035157
700035237
