700102659
700102848
700102905
700103477c
700103479
700103558
700103652c
700103710
700105000
700105049
700105153
700105237c
700105306
700105312
700105372
700105517
700105580c
700105613
700105685
700105771
700105787
700105882
700105940
700105991
700106056
700106065
700106170
700106198
700106229c
700106325c
700106333
700106412
700106465
700106504
700106646c
700106694c
700106754
700106836c
700106876c
700106946
700107059
700107189
700107398c
700107489
700107566c
700107873
700107930
700108095c
700108161c
700108218
