700013588
700013597
700013600
700013603
700013672
700013693
700013715
700014386
700014486
700014498
700014562c
700014724
700014837
700014954
700015113c
700015181c
700015250c
700015415
700015702
700015857
700015922c
700015981
700016000
700016142c
700016210
700016456
700016542c
700016610c
700016716c
700016765
700016902
700016960
700021123
700021261
700021295
700021306c
700021361
700021824
700021876
700021902c
700023066
700023113
700023188
700023267
700023337
700023390
700023509
700023578
700023603
700023634c
