700165052
700165148
700165167
700165224
700165263c
700165311
700165407
700165455
700165530
700165634
700165665
700165778
700165809
700165875
700165986
700166025
700166262
700166586
700166643
700166775
700166862
700167107
700167759
700167825
700171066
700171114
700171115c
700171190
700171324
700171341
700171390
700171441
700171573
700171574
700171648
700171679
700171727c
700171859
700171916c
700171955
700172068
700172069
700172132
700172221
700172279
700172346
700172393
700172461
700172498c
700172555
