700095717
700095831
700096047
700096380
700096700
700096865
700097196
700097234
700097291
700097482
700097631
700097688
700097837c
700097906c
700097973
700098267
700098359
700098429
700098561
700098669
700098867
700098932
700099002
700099059
700099512
700099590
700099746
700099803
700099886
700100022
700100227c
700100312
700100432
700100471
700100540c
700100600
700101134
700101243c
700101366
700101534
700101581
700101638
700101840
700101916
700102043
700102242c
700102299
700102356
700102432
700102586c
